152;Cessna;26;1081;1081;110;414;106
360;Lancair;43;1090;1090;180;990;208
C23 Sundowner;Beechcraft;57;1494;1494;180;564;115
K35 Bonanza;Beechcraft;70;1832;1832;250;534;168
M20R Ovation;Mooney;89;2205;2205;280;969;189
Malibu Mirage;Piper;120;2435;2435;350;1342;212
RV-12;Vans Aircraft;20;750;750;100;451;119
RV-9;Vans Aircraft;36;1057;1057;160;616;163
Skyhawk 172;Cessna;53;1663;1663;180;515;123
Super Cub;Piper;36;845;845;125;449;96
TB-21 GT Trinidad;Socata;88;1911;1911;250;1025;168
Tiger;Grumman;51;1360;1360;180;529;139
Tomahawk;Piper;30;1128;1128;112;383;107
